59
0.0
1.318802
1.318802
 2444.38835987045059
 -1968.58083064303514
 -0.974207176767198906E-04
 645.924838510221093
 0.107934903241924791E-03
 1272.76904922114932
 0.245722668103308926E-03
 -3618.32373200394113
 -0.876287433464115087E-03
 7875.97229155987770
 0.288829001544105898E-02
 10652.9857667487540
 0.490626568201928386E-02
 -78.1744688757569435
 -0.100678385314085719E-03
 -818.136212506724860
 -0.995408192884818070E-03
 696.516897282593391
 0.672801013146170999E-03
 -346.125033610666833
 -0.922849609006446699E-04
 60.6633989020897886
 -0.325623388682403817E-06
 61.5226454667335645
 0.259814014579948281E-03
 -37.2311069823934133
 -0.212790870642484784E-03
 -60.4471752897016188
 0.175592362957851080E-03
 143.673187913451301
 0.639802624884543169E-03
 -126.790521093516901
 0.396775349969613167E-04
 -863.533239836152234
 -0.980610344051469204E-03
 -357.499393308190520
 -0.889158693572193737E-03
 163.080070564905583
 -0.396746902632670335E-03
 -51.2374334852097917
 -0.137389268869265036E-03
 -12.0730689255850461
 -0.357019411850110851E-03
 31.8765491893244395
 0.391546028284696466E-03
 -22.2994369433060911
 -0.214423302996705813E-03
 2.77796918026444528
 -0.281374970915284348E-03
 10.8502370850875494
 0.343969693107202071E-03
 -9.10470103420150068
 -0.277528083023453485E-03
 -12.9523005236398880
 0.211208418179641632E-03
 83.8189730171455523
 0.195447545297720485E-03
 97.2675136082732621
 0.138355842878212483E-03
1.0
0.0
0.0
0.0
0.0
