200 0. 0.
  0.1117306E-01  0.7051202E-03  0.8310899E-02 -0.4291156E-03 -0.8144438E+00  0.6477521E-03 -0.1064629E-08 -0.9713664E-15  0.8938300E+05
  0.4550570E-02  0.7720120E-04  0.7668217E-02 -0.3586523E-03 -0.2172263E+01  0.7569714E-03 -0.1064629E-08 -0.9713664E-15  0.8938800E+05
 -0.1176394E-01 -0.2410100E-03  0.7567829E-02 -0.1866356E-03 -0.7357012E+00  0.6863160E-03 -0.1064629E-08 -0.9713664E-15  0.8938200E+05
  0.3344590E-02  0.1778818E-03  0.8987167E-02  0.2052277E-03 -0.1013104E+01  0.6947300E-03 -0.1064629E-08 -0.9713664E-15  0.8938400E+05
  0.3364719E-02  0.6928495E-03  0.7695224E-02  0.1446207E-04 -0.9193754E+00  0.7009155E-03 -0.1064629E-08 -0.9713664E-15  0.8939000E+05
  0.1274550E-02  0.4130448E-03  0.8187985E-02  0.2262301E-03 -0.9557439E+00  0.6877741E-03 -0.1064629E-08 -0.9713664E-15  0.8938000E+05
  0.1640514E-01  0.9412526E-03  0.6904204E-02 -0.9609585E-04 -0.8126605E+00  0.6619871E-03 -0.1064629E-08 -0.9713664E-15  0.8937700E+05
 -0.3611077E-02 -0.3143885E-03  0.2566911E-02 -0.2827051E-04 -0.8716393E+00  0.6925133E-03 -0.1064629E-08 -0.9713664E-15  0.8937500E+05
  0.1117182E-03  0.3029351E-03  0.2022898E-02  0.2013304E-03 -0.9479663E+00  0.6985243E-03 -0.1064629E-08 -0.9713664E-15  0.8938700E+05
 -0.4761042E-02 -0.2217092E-03 -0.5546883E-02 -0.8824543E-04 -0.8129220E+00  0.6976610E-03 -0.1064629E-08 -0.9713664E-15  0.8940300E+05
 -0.6558979E-02  0.1314472E-03 -0.5483753E-02  0.1272110E-03  0.2136788E+01  0.2363731E-03 -0.1064629E-08 -0.9713664E-15  0.8936600E+05
  0.6424963E-02  0.3341078E-03 -0.6694249E-02 -0.1238510E-04 -0.5353993E-01  0.1039140E-03 -0.1064629E-08 -0.9713664E-15  0.8945900E+05
  0.2727106E-02  0.1959677E-03 -0.5420133E-02  0.8579181E-05 -0.4413578E-01  0.2045130E-04 -0.1064629E-08 -0.9713664E-15  0.8943100E+05
  0.9622250E-02  0.2690726E-03 -0.5943702E-02  0.1166296E-03 -0.1421957E+00 -0.2388947E-04 -0.1064629E-08 -0.9713664E-15  0.8955000E+05
  0.1176761E-02  0.5659217E-03 -0.6659842E-02 -0.9056860E-04 -0.1185420E+00  0.3287887E-04 -0.1064629E-08 -0.9713664E-15  0.8941600E+05
  0.7112839E-02  0.4192550E-03 -0.6765223E-02 -0.1309732E-03 -0.8474847E-01  0.3329464E-04 -0.1064629E-08 -0.9713664E-15  0.8950700E+05
  0.1853884E-02  0.8013337E-03 -0.7146790E-02 -0.1753915E-03 -0.6383125E-04  0.2760582E-04 -0.1064629E-08 -0.9713664E-15  0.8952200E+05
 -0.1594581E-02  0.1115423E-03 -0.6328147E-02 -0.1803175E-03 -0.9019942E-01  0.2867012E-04 -0.1064629E-08 -0.9713664E-15  0.8946000E+05
  0.1377421E-02 -0.1554471E-03 -0.7402924E-02 -0.2756323E-03 -0.6165744E-01  0.4300807E-04 -0.1064629E-08 -0.9713664E-15  0.8940700E+05
 -0.3533810E-02 -0.2140722E-03 -0.6208980E-02 -0.3871712E-03 -0.1326555E+00  0.3679190E-05 -0.1064629E-08 -0.9713664E-15  0.8945400E+05
  0.8248210E-02  0.3463374E-03 -0.5313612E-02  0.2976305E-03 -0.1179161E+00 -0.1854451E-04 -0.1064629E-08 -0.9713664E-15  0.8954900E+05
  0.1450965E-02  0.8475489E-05 -0.6776324E-02  0.4185202E-04 -0.3868369E-01  0.4873563E-04 -0.1064629E-08 -0.9713664E-15  0.8951200E+05
  0.2247820E-02 -0.1764350E-04 -0.5338216E-02  0.4226103E-03  0.2381775E+01  0.3292390E-03 -0.1064629E-08 -0.9713664E-15  0.8938600E+05
  0.1528619E-03  0.1457879E-04 -0.6905621E-02  0.2176217E-03 -0.8202255E-01 -0.5300253E-04 -0.1064629E-08 -0.9713664E-15  0.8944300E+05
  0.6806918E-02  0.2345823E-03 -0.6816503E-02  0.3975643E-03 -0.3443598E-01  0.1193711E-03 -0.1064629E-08 -0.9713664E-15  0.8948700E+05
  0.3097978E-02  0.5022648E-03 -0.8295433E-02 -0.1703275E-03  0.7571829E-02  0.5360960E-04 -0.1064629E-08 -0.9713664E-15  0.8956000E+05
 -0.9366472E-03 -0.2356663E-04 -0.5712847E-02 -0.6117017E-03 -0.7299127E-01  0.3527565E-05 -0.1064629E-08 -0.9713664E-15  0.8951400E+05
 -0.5316580E-02 -0.5715069E-03 -0.8044976E-02  0.5535161E-03  0.6259999E-01  0.3896213E-05 -0.1064629E-08 -0.9713664E-15  0.8950500E+05
  0.5850640E-02  0.1806998E-03 -0.1797862E-02 -0.5783725E-04 -0.1622758E+00 -0.6134375E-04 -0.1064629E-08 -0.9713664E-15  0.8946800E+05
  0.7169514E-02  0.3456083E-04 -0.1801989E-02 -0.1475501E-03 -0.4089018E-01  0.5897794E-05 -0.1064629E-08 -0.9713664E-15  0.8945300E+05
 -0.4492800E-04  0.3152515E-03 -0.2060805E-02 -0.2444532E-03 -0.8482642E-01 -0.3553317E-04 -0.1064629E-08 -0.9713664E-15  0.8940800E+05
  0.1573525E-01  0.6928178E-03 -0.1559123E-02 -0.2626279E-03 -0.1080154E+00 -0.3582327E-04 -0.1064629E-08 -0.9713664E-15  0.8942600E+05
  0.3697474E-02 -0.3870137E-05 -0.1952532E-02 -0.3647381E-03 -0.7929156E-01 -0.6372825E-04 -0.1064629E-08 -0.9713664E-15  0.8948300E+05
 -0.9529283E-02 -0.8657268E-03 -0.1559090E-02 -0.1840462E-04 -0.1475008E-01 -0.3414868E-04 -0.1064629E-08 -0.9713664E-15  0.8948100E+05
  0.2782902E-02  0.1299890E-03 -0.1768428E-02  0.2636751E-04 -0.1045438E+00  0.7052409E-04 -0.1064629E-08 -0.9713664E-15  0.8950300E+05
 -0.9432394E-02 -0.3270735E-03 -0.2025972E-02 -0.1484280E-04  0.1103706E+00  0.5977468E-04 -0.1064629E-08 -0.9713664E-15  0.8941800E+05
  0.4591237E-02  0.6899755E-03 -0.2239374E-02 -0.7345181E-04  0.1543455E+00 -0.4826827E-04 -0.1064629E-08 -0.9713664E-15  0.8939600E+05
  0.1348071E-01  0.2081131E-03 -0.2373407E-02 -0.5606665E-04  0.3575166E-01  0.1027455E-03 -0.1064629E-08 -0.9713664E-15  0.8947800E+05
  0.1379512E-01  0.3146979E-03 -0.1540686E-02  0.3356308E-03 -0.7129858E-01 -0.4600322E-04 -0.1064629E-08 -0.9713664E-15  0.8955800E+05
 -0.1547040E-02  0.2313106E-03 -0.1186136E-02  0.3614604E-03 -0.9038655E-01  0.1023307E-05 -0.1064629E-08 -0.9713664E-15  0.8955300E+05
 -0.1003657E-02 -0.5449108E-04 -0.2187265E-02 -0.8316186E-03  0.7312953E-01  0.1705324E-04 -0.1064629E-08 -0.9713664E-15  0.8946100E+05
  0.4290672E-02  0.1015682E-03 -0.2441955E-02  0.5667027E-04 -0.8576492E-01 -0.2230275E-05 -0.1064629E-08 -0.9713664E-15  0.8951100E+05
 -0.6390530E-03  0.6732830E-04 -0.2013066E-02  0.2897455E-03  0.1638813E+00  0.5515666E-04 -0.1064629E-08 -0.9713664E-15  0.8943500E+05
  0.4770005E-02 -0.4286801E-03 -0.2198076E-02  0.4492336E-03  0.1631190E-01 -0.6176071E-04 -0.1064629E-08 -0.9713664E-15  0.8955200E+05
 -0.3752643E-02 -0.2055079E-04 -0.2642416E-02  0.2133496E-03 -0.6042708E-01  0.6698451E-04 -0.1064629E-08 -0.9713664E-15  0.8951500E+05
  0.7110085E-02 -0.4097562E-03 -0.1611761E-02 -0.4439225E-03  0.2322024E+01  0.2946823E-03 -0.1064629E-08 -0.9713664E-15  0.8940100E+05
 -0.3525580E-02 -0.4815940E-04 -0.3736111E-03 -0.1950772E-03 -0.2376390E+01  0.7229232E-03 -0.1064629E-08 -0.9713664E-15  0.8938900E+05
 -0.1997327E-01 -0.1154589E-02 -0.1752697E-03  0.5445095E-04 -0.7837227E+00  0.6315272E-03 -0.1064629E-08 -0.9713664E-15  0.8937100E+05
  0.3919710E-02  0.4586233E-04  0.3159516E-03  0.5180099E-03 -0.7578248E+00  0.6745740E-03 -0.1064629E-08 -0.9713664E-15  0.8936800E+05
  0.9870941E-02  0.3553905E-03 -0.8599721E-03  0.7394360E-04 -0.9926172E+00  0.7538436E-03 -0.1064629E-08 -0.9713664E-15  0.8939700E+05
 -0.2246180E-01 -0.8553588E-03 -0.6751542E-03  0.1285861E-03 -0.7339022E+00  0.6305108E-03 -0.1064629E-08 -0.9713664E-15  0.8939100E+05
 -0.6979644E-02 -0.1131997E-03  0.2828632E-02 -0.1713403E-03 -0.1147797E+00 -0.7267983E-04 -0.1064629E-08 -0.9713664E-15  0.8951000E+05
 -0.9645349E-02 -0.3537604E-03  0.2084409E-02 -0.7783554E-04  0.9290461E-01  0.5505136E-04 -0.1064629E-08 -0.9713664E-15  0.8954600E+05
  0.8452891E-02  0.8103120E-03  0.3168341E-02  0.1280604E-04 -0.8269306E-01  0.4596147E-05 -0.1064629E-08 -0.9713664E-15  0.8955700E+05
  0.3251421E-02  0.1130227E-03  0.1866034E-02 -0.3055451E-03 -0.9035635E-02 -0.5641481E-04 -0.1064629E-08 -0.9713664E-15  0.8942000E+05
 -0.1423373E-01 -0.2972798E-03  0.3051658E-02  0.3042735E-04 -0.1253800E+00 -0.3861255E-04 -0.1064629E-08 -0.9713664E-15  0.8955600E+05
  0.1374436E-01  0.4007533E-03  0.2582985E-02  0.1346731E-03 -0.1917780E-01  0.1018417E-04 -0.1064629E-08 -0.9713664E-15  0.8940900E+05
 -0.1655793E-01 -0.1927736E-03  0.2619854E-02  0.1507344E-03 -0.1358870E+00 -0.3658152E-04 -0.1064629E-08 -0.9713664E-15  0.8956300E+05
 -0.1232954E-01 -0.3826682E-03  0.1365829E-02 -0.7338156E-04  0.1623378E+00  0.3961415E-04 -0.1064629E-08 -0.9713664E-15  0.8954400E+05
  0.2231583E-02  0.1875739E-03  0.2789805E-02  0.2298257E-03 -0.7949616E-01 -0.6713268E-04 -0.1064629E-08 -0.9713664E-15  0.8942800E+05
  0.4398598E-02  0.4307317E-03  0.1136047E-02 -0.1557139E-03 -0.1308540E+00 -0.5247154E-04 -0.1064629E-08 -0.9713664E-15  0.8947100E+05
 -0.8059544E-02 -0.2605616E-03  0.2817180E-02  0.2950208E-03 -0.6013522E-01 -0.6702576E-04 -0.1064629E-08 -0.9713664E-15  0.8954700E+05
  0.4047066E-02  0.2971410E-03  0.2747806E-02  0.1746486E-03  0.2140053E+01  0.2348889E-03 -0.1064629E-08 -0.9713664E-15  0.8939500E+05
  0.3681081E-02  0.6628241E-03  0.9748299E-03 -0.1648842E-03 -0.4810856E-01  0.4811388E-04 -0.1064629E-08 -0.9713664E-15  0.8950400E+05
  0.1681326E-03 -0.1189323E-03  0.3251488E-02  0.5136844E-03 -0.5820153E-01 -0.1098125E-04 -0.1064629E-08 -0.9713664E-15  0.8950800E+05
 -0.8916766E-02 -0.5363078E-03  0.3402008E-02  0.7355916E-03  0.9922114E-01  0.5739541E-04 -0.1064629E-08 -0.9713664E-15  0.8950200E+05
 -0.5716993E-02 -0.1854992E-03  0.2574460E-02 -0.5984187E-03  0.7633401E-01 -0.6872443E-05 -0.1064629E-08 -0.9713664E-15  0.8955100E+05
 -0.1003233E-01 -0.6052758E-04  0.1602455E-02  0.2358890E-03  0.6738439E-01  0.8010222E-04 -0.1064629E-08 -0.9713664E-15  0.8941500E+05
 -0.1717978E-02  0.7255611E-04  0.2151421E-02  0.2600786E-03  0.2122809E+01  0.2248598E-03 -0.1064629E-08 -0.9713664E-15  0.8940400E+05
  0.8178391E-04  0.1498684E-03  0.3040601E-02 -0.6212369E-03  0.6058925E-01 -0.7579216E-04 -0.1064629E-08 -0.9713664E-15  0.8943600E+05
  0.9760982E-02  0.2374221E-03  0.7422090E-03  0.2631553E-03 -0.6148189E-01 -0.5644152E-04 -0.1064629E-08 -0.9713664E-15  0.8949200E+05
  0.5683932E-02  0.2750051E-03  0.9762573E-03  0.3088536E-03 -0.1345886E-01  0.5207248E-04 -0.1064629E-08 -0.9713664E-15  0.8944500E+05
  0.5363471E-04 -0.1665504E-03  0.9997021E-03  0.6652747E-03 -0.3359215E-01  0.4246961E-04 -0.1064629E-08 -0.9713664E-15  0.8946400E+05
  0.4181490E-02  0.3437414E-03  0.3009504E-02  0.1656362E-03 -0.1689278E+00  0.6994492E-04 -0.1064629E-08 -0.9713664E-15  0.8937000E+05
  0.3748356E-02  0.1329051E-03  0.2023272E-02  0.4693435E-04 -0.1561031E+00  0.7254572E-04 -0.1064629E-08 -0.9713664E-15  0.8939400E+05
 -0.5745145E-02 -0.2272267E-03  0.1003522E-01 -0.7389767E-04 -0.1576034E+00  0.7088135E-04 -0.1064629E-08 -0.9713664E-15  0.8937200E+05
  0.1682492E-01  0.4915418E-03  0.8515049E-02 -0.1675127E-03  0.1480378E+00  0.4360600E-04 -0.1064629E-08 -0.9713664E-15  0.8951300E+05
 -0.2815066E-03  0.3596353E-03  0.1451263E-01 -0.3196939E-03  0.6236560E-01  0.1014561E-04 -0.1064629E-08 -0.9713664E-15  0.8943200E+05
 -0.1306812E-01 -0.5151903E-03  0.9152315E-02 -0.4112004E-03  0.1301310E+00  0.2163634E-04 -0.1064629E-08 -0.9713664E-15  0.8949500E+05
  0.2408429E-02  0.7318151E-04  0.1088317E-01 -0.2614733E-03 -0.9592527E-02 -0.4929643E-04 -0.1064629E-08 -0.9713664E-15  0.8943700E+05
 -0.1167600E-01 -0.6508036E-03  0.1305091E-01  0.8072698E-04 -0.8568725E-01  0.5163746E-05 -0.1064629E-08 -0.9713664E-15  0.8950000E+05
  0.1332941E-01  0.5363209E-03  0.1019995E-01 -0.1554322E-03 -0.1437769E+00 -0.3103878E-04 -0.1064629E-08 -0.9713664E-15  0.8942700E+05
 -0.1147491E-01 -0.8178229E-03  0.9193970E-02 -0.2398073E-03 -0.1603503E-01  0.7264426E-05 -0.1064629E-08 -0.9713664E-15  0.8949700E+05
 -0.8390419E-02 -0.3265529E-03  0.1074483E-01 -0.1029180E-03 -0.1375729E+00 -0.3701104E-04 -0.1064629E-08 -0.9713664E-15  0.8952600E+05
  0.5915802E-02  0.1295169E-03  0.1453487E-01 -0.1557358E-03  0.1270239E+00  0.6391818E-04 -0.1064629E-08 -0.9713664E-15  0.8952700E+05
  0.7391293E-03  0.7235918E-03  0.9269843E-02 -0.1678883E-03 -0.4600441E-01 -0.2221975E-04 -0.1064629E-08 -0.9713664E-15  0.8948000E+05
  0.3901960E-02 -0.3199386E-03  0.1366097E-01  0.2087678E-03 -0.1232290E-01 -0.3222183E-05 -0.1064629E-08 -0.9713664E-15  0.8942100E+05
 -0.4275800E-03 -0.1861774E-04  0.8967723E-02 -0.6110411E-04  0.5277627E-01  0.4380731E-04 -0.1064629E-08 -0.9713664E-15  0.8941200E+05
 -0.3374824E-02 -0.8009585E-04  0.1178717E-01  0.5615713E-04  0.2254711E+01  0.2798864E-03 -0.1064629E-08 -0.9713664E-15  0.8937400E+05
 -0.6405617E-02 -0.4225393E-03  0.1139632E-01  0.1389910E-03  0.2151211E-01  0.4911456E-04 -0.1064629E-08 -0.9713664E-15  0.8955400E+05
 -0.1393708E-03 -0.1475764E-03  0.1032550E-01  0.7915906E-04 -0.9036879E-02 -0.3209137E-04 -0.1064629E-08 -0.9713664E-15  0.8940600E+05
  0.1047806E-01  0.5941920E-03  0.1317514E-01  0.3308948E-03 -0.4292972E-01 -0.8952149E-05 -0.1064629E-08 -0.9713664E-15  0.8944200E+05
  0.8709124E-02  0.1692116E-03  0.8725186E-02 -0.5293806E-04 -0.1295258E-01  0.8194203E-04 -0.1064629E-08 -0.9713664E-15  0.8942200E+05
 -0.1672891E-02 -0.1466176E-03  0.9262554E-02  0.1455956E-04  0.2028947E-01  0.3851198E-04 -0.1064629E-08 -0.9713664E-15  0.8944400E+05
 -0.8441286E-03  0.3150187E-04  0.7544892E-02 -0.1390105E-03 -0.6297194E-01 -0.4491044E-04 -0.1064629E-08 -0.9713664E-15  0.8956200E+05
  0.2141566E-02  0.2967752E-04  0.8833567E-02  0.1015495E-03 -0.1481505E+00 -0.4563201E-04 -0.1064629E-08 -0.9713664E-15  0.8943000E+05
 -0.1021280E-01 -0.5264299E-03  0.8789564E-02  0.8693454E-04 -0.3613256E-01 -0.1607703E-04 -0.1064629E-08 -0.9713664E-15  0.8948900E+05
 -0.5401459E-02 -0.3809263E-05  0.1071351E-01  0.3563671E-03  0.8305148E-01  0.4207362E-04 -0.1064629E-08 -0.9713664E-15  0.8951900E+05
 -0.1907335E-02  0.7497826E-04  0.7581553E-02 -0.7847979E-04  0.1402919E-01 -0.1737553E-04 -0.1064629E-08 -0.9713664E-15  0.8952000E+05
 -0.1682516E-01 -0.6210974E-03  0.7248307E-02 -0.1039116E-03  0.1672928E+00 -0.1750461E-05 -0.1064629E-08 -0.9713664E-15  0.8942400E+05
 -0.8932263E-02 -0.4383389E-03  0.8262380E-02  0.1917603E-03 -0.9827888E-01 -0.3356736E-04 -0.1064629E-08 -0.9713664E-15  0.8944700E+05
  0.2440052E-02  0.7791090E-04  0.7535159E-02  0.6426647E-04 -0.5525003E-01  0.1662299E-04 -0.1064629E-08 -0.9713664E-15  0.8949800E+05
  0.9092424E-02  0.5410985E-03  0.7673789E-02  0.1008369E-03  0.3570409E-01 -0.3713648E-04 -0.1064629E-08 -0.9713664E-15  0.8948800E+05
  0.9792929E-03 -0.2224858E-04  0.7992226E-02  0.2689342E-03 -0.4611438E-01 -0.3475163E-04 -0.1064629E-08 -0.9713664E-15  0.8946700E+05
 -0.1212670E-01 -0.5670756E-03  0.7539411E-02  0.2335353E-03 -0.6648391E-01 -0.7368995E-04 -0.1064629E-08 -0.9713664E-15  0.8945200E+05
  0.5292304E-02  0.4013192E-03  0.6946204E-02 -0.1454227E-04 -0.6756309E-01  0.6489415E-04 -0.1064629E-08 -0.9713664E-15  0.8945000E+05
  0.1211710E-02  0.1105236E-03  0.8812023E-02  0.5865962E-03  0.2298510E+01  0.2922044E-03 -0.1064629E-08 -0.9713664E-15  0.8938100E+05
 -0.1525234E-01 -0.3227489E-03  0.7047824E-02  0.3937173E-03 -0.6427263E-01 -0.5019648E-04 -0.1064629E-08 -0.9713664E-15  0.8947000E+05
 -0.1065058E-01 -0.5895866E-03  0.4900384E-02 -0.2661297E-03 -0.9327935E+00  0.7130727E-03 -0.1064629E-08 -0.9713664E-15  0.8936700E+05
  0.2306888E-02  0.8592459E-04 -0.7286471E-03 -0.3681036E-04 -0.1796242E+00 -0.2417909E-04 -0.1064629E-08 -0.9713664E-15  0.8948600E+05
 -0.5287345E-02 -0.3082369E-03 -0.8815805E-03 -0.4448641E-04 -0.1716966E+00 -0.1651355E-04 -0.1064629E-08 -0.9713664E-15  0.8952900E+05
  0.4269409E-02  0.1383785E-03 -0.9675814E-03  0.3254317E-03 -0.1602193E+00 -0.4391734E-04 -0.1064629E-08 -0.9713664E-15  0.8951600E+05
 -0.1713608E-01 -0.2598447E-03 -0.4647678E-02 -0.3271759E-03 -0.1867182E+00 -0.2892524E-04 -0.1064629E-08 -0.9713664E-15  0.8945700E+05
 -0.1200750E-01 -0.4493530E-03 -0.1013268E-01 -0.1680387E-03 -0.1606548E+00  0.6501570E-04 -0.1064629E-08 -0.9713664E-15  0.8937900E+05
  0.4685812E-02  0.4657453E-03 -0.3210273E-02  0.6085180E-05 -0.1228486E-01 -0.1928295E-04 -0.1064629E-08 -0.9713664E-15  0.8955500E+05
  0.1079988E-03 -0.1057957E-03 -0.3073310E-02 -0.3304747E-04 -0.9470504E-02  0.3284825E-04 -0.1064629E-08 -0.9713664E-15  0.8946200E+05
 -0.3182476E-02  0.4131028E-04 -0.4115877E-02 -0.1299299E-03 -0.9467688E-01  0.3709916E-04 -0.1064629E-08 -0.9713664E-15  0.8949900E+05
  0.5177970E-02  0.2481392E-03 -0.4023445E-02 -0.1555576E-03 -0.1389198E+00 -0.5510051E-04 -0.1064629E-08 -0.9713664E-15  0.8947600E+05
 -0.1539079E-02 -0.9649331E-05 -0.3270601E-02 -0.1862789E-03 -0.1077322E+00 -0.3979849E-04 -0.1064629E-08 -0.9713664E-15  0.8954200E+05
  0.9808516E-02  0.4630313E-03 -0.3705035E-02 -0.4007915E-03 -0.6629006E-01  0.9380056E-05 -0.1064629E-08 -0.9713664E-15  0.8942500E+05
 -0.2206788E-01 -0.4660661E-03 -0.3269397E-02  0.7258871E-04  0.8923020E-01  0.4163055E-04 -0.1064629E-08 -0.9713664E-15  0.8943400E+05
  0.6849630E-02  0.6601747E-03 -0.3998219E-02  0.1763844E-04  0.2466810E+01  0.3568904E-03 -0.1064629E-08 -0.9713664E-15  0.8936900E+05
  0.2722251E-02  0.1631097E-03 -0.4021734E-02  0.1373029E-03  0.8402780E-01  0.1038180E-03 -0.1064629E-08 -0.9713664E-15  0.8947400E+05
  0.1161775E-01  0.1912556E-03 -0.4335542E-02  0.4245104E-04  0.3699809E-01  0.5204663E-04 -0.1064629E-08 -0.9713664E-15  0.8943900E+05
 -0.8339303E-02 -0.4901281E-03 -0.4493992E-02  0.1199792E-03 -0.2513541E-01  0.1357837E-04 -0.1064629E-08 -0.9713664E-15  0.8953600E+05
 -0.3673674E-02 -0.9801191E-03 -0.4864743E-02 -0.7434591E-04 -0.5403682E-01 -0.1928713E-04 -0.1064629E-08 -0.9713664E-15  0.8953700E+05
 -0.4808792E-04  0.2060183E-03 -0.5009183E-02 -0.1469474E-03  0.3687092E-01  0.7413886E-04 -0.1064629E-08 -0.9713664E-15  0.8944900E+05
 -0.5533596E-02  0.2198040E-03 -0.3801215E-02  0.7603767E-03  0.8654639E-01  0.1034158E-05 -0.1064629E-08 -0.9713664E-15  0.8954300E+05
  0.3986025E-02  0.4465654E-03 -0.3192417E-02 -0.4890279E-03  0.4811264E-01  0.2799812E-04 -0.1064629E-08 -0.9713664E-15  0.8942900E+05
  0.7491630E-02  0.5652925E-03 -0.4634542E-02 -0.6892079E-03  0.2193940E+01  0.2418668E-03 -0.1064629E-08 -0.9713664E-15  0.8940200E+05
 -0.4456845E-02  0.1262840E-03 -0.4891353E-02  0.2745641E-03  0.2257071E+01  0.2768717E-03 -0.1064629E-08 -0.9713664E-15  0.8937800E+05
  0.5248752E-02  0.3149804E-03 -0.1415080E-01 -0.1070146E-03  0.9829545E-01 -0.3398659E-04 -0.1064629E-08 -0.9713664E-15  0.8953900E+05
 -0.5713185E-02 -0.1039857E-03 -0.1103329E-01 -0.2909491E-04  0.7056227E-01 -0.8123580E-04 -0.1064629E-08 -0.9713664E-15  0.8951800E+05
  0.5997611E-02  0.2892903E-03 -0.1663329E-01  0.1597049E-04 -0.2846705E-01 -0.2962918E-04 -0.1064629E-08 -0.9713664E-15  0.8945800E+05
 -0.2276662E-02  0.6139140E-04 -0.9222655E-02  0.1209332E-03 -0.4834494E-01 -0.3758567E-04 -0.1064629E-08 -0.9713664E-15  0.8953000E+05
 -0.4570222E-02  0.6958361E-05 -0.1243985E-01  0.2432912E-04 -0.3980506E-01 -0.4100095E-04 -0.1064629E-08 -0.9713664E-15  0.8945100E+05
  0.4994165E-02  0.4807864E-03 -0.1150604E-01 -0.1087729E-04 -0.5579301E-01 -0.7065891E-04 -0.1064629E-08 -0.9713664E-15  0.8945500E+05
  0.4986278E-02  0.1662504E-03 -0.1292008E-01  0.1085872E-03 -0.3695838E-01  0.7490060E-04 -0.1064629E-08 -0.9713664E-15  0.8947500E+05
  0.8355600E-03  0.4389928E-03 -0.1354137E-01 -0.6471743E-04 -0.4712008E-01  0.3630131E-04 -0.1064629E-08 -0.9713664E-15  0.8953800E+05
 -0.8287956E-02 -0.4520556E-03 -0.1205481E-01  0.8158617E-04  0.3638765E-01  0.5842821E-04 -0.1064629E-08 -0.9713664E-15  0.8952100E+05
 -0.3282470E-02 -0.2880431E-03 -0.1226355E-01  0.2920180E-04  0.6255432E-02  0.2107097E-04 -0.1064629E-08 -0.9713664E-15  0.8956400E+05
  0.4086146E-02  0.1333680E-03 -0.1099793E-01  0.9926868E-04 -0.1482677E+00 -0.5042812E-04 -0.1064629E-08 -0.9713664E-15  0.8949600E+05
 -0.3243920E-02  0.1564483E-04 -0.1103504E-01 -0.1016500E-03 -0.1802243E-01  0.1162809E-04 -0.1064629E-08 -0.9713664E-15  0.8948500E+05
 -0.2753076E-02 -0.1555695E-03 -0.1758061E-01 -0.2912476E-03 -0.5731181E-01 -0.1457872E-04 -0.1064629E-08 -0.9713664E-15  0.8953100E+05
 -0.6414967E-02 -0.4476182E-03 -0.1052105E-01 -0.9645830E-04 -0.1013927E+00 -0.3034878E-05 -0.1064629E-08 -0.9713664E-15  0.8952500E+05
  0.1762356E-02 -0.3606041E-03 -0.1294514E-01  0.3212901E-03  0.7926406E-01  0.3260652E-04 -0.1064629E-08 -0.9713664E-15  0.8947300E+05
  0.5393658E-02  0.2720696E-03 -0.1489409E-01  0.3268172E-03  0.1118721E+00  0.4457302E-04 -0.1064629E-08 -0.9713664E-15  0.8944100E+05
 -0.8736322E-02 -0.4589527E-03 -0.9164931E-02  0.2550117E-03  0.8786613E-02  0.4970868E-05 -0.1064629E-08 -0.9713664E-15  0.8946500E+05
  0.5629730E-02  0.4050706E-03 -0.1854294E-01 -0.2675141E-03  0.4268657E-01  0.1619194E-04 -0.1064629E-08 -0.9713664E-15  0.8947200E+05
  0.3649249E-02  0.8004436E-04 -0.1114459E-01  0.4519434E-04 -0.3228505E-01 -0.1957800E-04 -0.1064629E-08 -0.9713664E-15  0.8954800E+05
  0.3059444E-02 -0.1052070E-03 -0.9431520E-02 -0.9614956E-04 -0.2616962E-01  0.1059088E-03 -0.1064629E-08 -0.9713664E-15  0.8956100E+05
 -0.1073168E-01 -0.2771609E-03 -0.1237189E-01 -0.3870151E-03  0.1037751E+00  0.8994113E-05 -0.1064629E-08 -0.9713664E-15  0.8953300E+05
 -0.7909037E-02 -0.2410460E-03 -0.9691634E-02 -0.2058080E-03 -0.1291385E+00 -0.2680242E-04 -0.1064629E-08 -0.9713664E-15  0.8950100E+05
 -0.1255672E-01 -0.2402063E-03 -0.9950780E-02 -0.2370282E-03  0.1194200E+00  0.2498589E-04 -0.1064629E-08 -0.9713664E-15  0.8941900E+05
  0.3164025E-02  0.3903826E-03 -0.9812221E-02 -0.3691817E-03 -0.7694663E-01  0.7413000E-05 -0.1064629E-08 -0.9713664E-15  0.8950600E+05
  0.1026643E-02 -0.6921591E-04 -0.9403710E-02 -0.2716516E-03 -0.6379780E-01  0.4349597E-04 -0.1064629E-08 -0.9713664E-15  0.8941700E+05
 -0.1227279E-03 -0.1212976E-03 -0.1087094E-01 -0.5134443E-03  0.1425296E+00  0.2542809E-04 -0.1064629E-08 -0.9713664E-15  0.8947700E+05
 -0.9204894E-03 -0.4620109E-03 -0.8944889E-02 -0.3885833E-03  0.1445501E-01 -0.3787020E-04 -0.1064629E-08 -0.9713664E-15  0.8940500E+05
 -0.1184662E-01 -0.5823811E-03  0.5529944E-02 -0.2476644E-03  0.1421543E+00 -0.1030688E-04 -0.1064629E-08 -0.9713664E-15  0.8946900E+05
  0.9311535E-02  0.3468866E-04  0.6059165E-02 -0.1975554E-03  0.7015720E-01  0.5056000E-04 -0.1064629E-08 -0.9713664E-15  0.8952400E+05
 -0.4345425E-02 -0.5041313E-03  0.5436992E-02 -0.3734756E-04 -0.1221675E+00 -0.1242917E-04 -0.1064629E-08 -0.9713664E-15  0.8946600E+05
  0.9415170E-04 -0.7205491E-04  0.6018200E-02 -0.9786447E-06 -0.9812399E-01 -0.7592310E-04 -0.1064629E-08 -0.9713664E-15  0.8952800E+05
 -0.3740246E-02 -0.1527781E-03  0.3191686E-02 -0.5095450E-03 -0.8661808E-01 -0.2989632E-04 -0.1064629E-08 -0.9713664E-15  0.8954100E+05
 -0.6560478E-02 -0.9849995E-03  0.6116371E-02 -0.3634208E-03 -0.5764429E-01  0.3765655E-04 -0.1064629E-08 -0.9713664E-15  0.8937600E+05
 -0.1605915E-01 -0.6669806E-03  0.5602744E-02  0.1077229E-03 -0.1000746E+00 -0.4111329E-04 -0.1064629E-08 -0.9713664E-15  0.8947900E+05
 -0.3748389E-02 -0.3225269E-03  0.4320857E-02 -0.8523444E-04 -0.1012596E+00 -0.4751606E-04 -0.1064629E-08 -0.9713664E-15  0.8955900E+05
 -0.8697349E-02  0.7031763E-04  0.5479832E-02 -0.7157530E-04  0.2297114E+01  0.2815457E-03 -0.1064629E-08 -0.9713664E-15  0.8940000E+05
 -0.6547917E-02 -0.3518591E-03  0.5096533E-02  0.1386616E-03 -0.2915795E-01 -0.4272092E-04 -0.1064629E-08 -0.9713664E-15  0.8946300E+05
  0.1657008E-03 -0.2830339E-03  0.3831811E-02 -0.1144433E-03 -0.8696986E-01 -0.6034181E-04 -0.1064629E-08 -0.9713664E-15  0.8953400E+05
  0.3666301E-02  0.1846393E-03  0.5449112E-02  0.2483359E-03 -0.3399590E-01 -0.5875780E-04 -0.1064629E-08 -0.9713664E-15  0.8943300E+05
  0.5918360E-02  0.5397649E-03  0.4453627E-02  0.1311140E-03  0.6322079E-01 -0.3478132E-04 -0.1064629E-08 -0.9713664E-15  0.8938500E+05
  0.1977169E-02 -0.1166745E-03  0.5188493E-02  0.3185013E-03 -0.7798551E-01  0.2892034E-04 -0.1064629E-08 -0.9713664E-15  0.8944600E+05
  0.6767748E-02  0.6409376E-03  0.5431354E-02  0.4721190E-03  0.4065690E-01 -0.1240186E-05 -0.1064629E-08 -0.9713664E-15  0.8943800E+05
  0.5214526E-02 -0.3571973E-04  0.5205321E-02  0.3359219E-03  0.1312200E+01  0.8000159E-04 -0.1064629E-08 -0.9713664E-15  0.8939900E+05
  0.1256920E-01  0.6379691E-03  0.6450574E-02  0.4868926E-03  0.2024096E+01  0.2008419E-03 -0.1064629E-08 -0.9713664E-15  0.8939300E+05
  0.6450935E-02  0.8001540E-04  0.3855783E-02  0.4297014E-04  0.1525933E-01  0.1118821E-03 -0.1064629E-08 -0.9713664E-15  0.8941100E+05
  0.1508977E-01  0.8097002E-03  0.3288259E-02 -0.1659162E-03 -0.5103282E-01 -0.3676302E-04 -0.1064629E-08 -0.9713664E-15  0.8948400E+05
  0.8542448E-02  0.6363190E-03  0.3311470E-02  0.1489381E-03 -0.1192520E+00 -0.4418717E-05 -0.1064629E-08 -0.9713664E-15  0.8949400E+05
  0.9946365E-02  0.2982654E-03  0.3445378E-02  0.6227886E-03  0.1550543E+00  0.3077424E-04 -0.1064629E-08 -0.9713664E-15  0.8941300E+05
 -0.1256696E-01  0.4103118E-03  0.1886751E-03 -0.8383840E-04  0.1885081E+01  0.1302923E-03 -0.1064629E-08 -0.9713664E-15  0.8939800E+05
  0.9858663E-02  0.4446197E-03  0.4527482E-03 -0.7265456E-04  0.1904118E+00  0.2218490E-04 -0.1064629E-08 -0.9713664E-15  0.8949300E+05
 -0.1011224E-01 -0.9921359E-04  0.3388868E-03 -0.3910560E-04  0.1627199E+00  0.4103871E-04 -0.1064629E-08 -0.9713664E-15  0.8954500E+05
  0.9328948E-02  0.5320180E-04 -0.4697572E-03 -0.2717963E-03 -0.1105034E-01 -0.8098750E-04 -0.1064629E-08 -0.9713664E-15  0.8944000E+05
 -0.5490663E-02 -0.9795430E-04 -0.7412237E-04 -0.3696921E-03  0.6045938E-01  0.6518742E-04 -0.1064629E-08 -0.9713664E-15  0.8953500E+05
  0.1150792E-01 -0.2702689E-03  0.5757123E-03  0.6656631E-04  0.2292954E+01  0.2890264E-03 -0.1064629E-08 -0.9713664E-15  0.8939200E+05
 -0.6632066E-02 -0.3968177E-03 -0.5333226E-03 -0.5902956E-03 -0.1374538E+00 -0.3279270E-04 -0.1064629E-08 -0.9713664E-15  0.8944800E+05
 -0.6226530E-03  0.2327963E-03 -0.1781541E-03 -0.1503823E-04 -0.7132395E-01  0.8767876E-04 -0.1064629E-08 -0.9713664E-15  0.8950900E+05
 -0.4525397E-02 -0.2328707E-03  0.6295355E-03  0.1670616E-03 -0.1160658E+00 -0.4000390E-04 -0.1064629E-08 -0.9713664E-15  0.8951700E+05
  0.7241267E-02  0.1587601E-03 -0.4854011E-03 -0.4224733E-04 -0.1215168E+00 -0.5980829E-04 -0.1064629E-08 -0.9713664E-15  0.8952300E+05
  0.6993599E-02  0.3916861E-03 -0.9745865E-05  0.9128236E-04 -0.5465575E-01 -0.7289350E-04 -0.1064629E-08 -0.9713664E-15  0.8948200E+05
  0.4870741E-02  0.3825749E-03  0.1184768E-03  0.1972597E-03 -0.1333196E+00  0.6200362E-05 -0.1064629E-08 -0.9713664E-15  0.8949100E+05
 -0.1244000E-01 -0.7009956E-03  0.5678702E-03  0.3050798E-03  0.5823324E-01  0.2201203E-04 -0.1064629E-08 -0.9713664E-15  0.8942300E+05
 -0.1336703E-01 -0.3658840E-03 -0.9360623E-03 -0.7902041E-04 -0.1114211E+00 -0.2329493E-04 -0.1064629E-08 -0.9713664E-15  0.8941400E+05
  0.3439202E-02  0.1962109E-04 -0.6736723E-03  0.1072814E-03 -0.8180461E-01 -0.4971309E-05 -0.1064629E-08 -0.9713664E-15  0.8956500E+05
 -0.8684617E-02 -0.3805523E-03 -0.4738286E-03  0.2121390E-03  0.1682271E+00  0.4786129E-04 -0.1064629E-08 -0.9713664E-15  0.8945600E+05
 -0.1115473E-02  0.2899219E-03 -0.9297920E-03  0.4083023E-04 -0.5757135E-01 -0.3471230E-05 -0.1064629E-08 -0.9713664E-15  0.8949000E+05
 -0.1316160E-01 -0.2302434E-03 -0.3840299E-03  0.2818077E-03  0.2283030E+01  0.2884679E-03 -0.1064629E-08 -0.9713664E-15  0.8937300E+05
 -0.9422970E-02 -0.4201333E-03 -0.1176348E-02 -0.7496740E-04  0.1069982E+00  0.5296030E-04 -0.1064629E-08 -0.9713664E-15  0.8953200E+05
 -0.5611319E-02 -0.5858359E-03 -0.1220850E-02 -0.1213719E-03 -0.1431910E-01  0.2051074E-04 -0.1064629E-08 -0.9713664E-15  0.8941000E+05
  0.6488105E-02  0.3685921E-03  0.6499880E-03  0.6779801E-04 -0.1209588E+00 -0.3596682E-04 -0.1064629E-08 -0.9713664E-15  0.8954000E+05
