   1.99997619270459     
   1.52935883963703     
 -1.731598297715639E-005
  0.613504569354096     
 -1.427701807723931E-005
  1.074651105772570E-002
 -7.903590795452165E-007
 -0.120104391407645     
  5.464232701763001E-006
 -4.829733452170583E-002
  3.023544570585286E-006
  8.655111662731007E-003
 -4.518220648464494E-007
  1.352061812131545E-002
 -1.130150243029969E-006
  2.441913680719964E-003
 -2.911000780140425E-007
 -2.264367882917796E-003
  2.397012204769587E-007
 -1.248848251648092E-003
  1.692432652543088E-007
  1.536260367082622E-004
 -1.630675933926556E-008
  4.126329537334329E-004
 -7.305780025714969E-008
  2.062265939100274E-004
 -1.915347872597266E-008
 -7.296679175445152E-007
  4.999918991808733E-008
 -1.043101508213657E-004
  8.126737257973211E-008
 -1.248100138844216E-004
  2.219076121988753E-008
 -9.005376257162911E-005
 -5.805407627166028E-008
 -2.421266376838097E-005
 -8.987394602659962E-008
  9.504835486433592E-005
 -4.955001233199534E-008
