   1.99997701681804     
   1.54275363144900     
  5.589737581277825E-006
  0.632896556168902     
  4.335443063456231E-006
  8.762817747970487E-003
 -1.982379002138828E-007
 -0.136900488651551     
 -1.976622981479269E-006
 -5.803477580505652E-002
 -8.383804663379883E-007
  1.044272055289367E-002
  3.505579591485973E-007
  1.807477035029528E-002
  4.291930668425559E-007
  3.955259098895229E-003
  5.121689510968374E-008
 -3.072034551344477E-003
 -1.313123814877663E-007
 -2.093395219274164E-003
 -1.048770418793586E-007
 -5.269809847050732E-005
 -3.361058955956442E-008
  4.756927399842138E-004
  1.722506599395943E-008
  2.856422278065735E-004
  4.610113822493056E-008
  1.179735548837432E-004
  3.841337946296887E-008
  3.874076415189492E-005
  1.185269090984868E-008
 -4.444378778227386E-005
 -2.351523290176029E-008
 -1.362236768443235E-004
 -4.008841194883850E-008
 -1.713171129908515E-004
 -2.678290636527787E-008
 -5.762514841471421E-005
  1.697161098010104E-008
