   1.99997721976241     
   1.54551894132950     
  9.857760069157053E-008
  0.636809212337518     
 -2.195389195645625E-007
  7.906205763086966E-003
 -3.609904611077265E-007
 -0.141032541184925     
 -3.872125436621476E-008
 -6.036832492192128E-002
  2.370235172564634E-007
  1.098449102890338E-002
  1.498992149903873E-007
  1.930922510475182E-002
 -5.532218671756797E-008
  4.353213547371999E-003
 -1.075369329920157E-007
 -3.337298794365224E-003
 -2.568141052768229E-008
 -2.362615312413001E-003
  3.380101916682292E-008
 -1.033266010714333E-004
  2.322337752907200E-008
  5.210430853415992E-004
 -1.513560495374331E-008
  3.297787286256089E-004
 -3.665440303160479E-008
  1.670388679138105E-004
 -3.576120053756224E-008
  8.090696170021121E-005
 -3.069697306644939E-009
 -5.007971706256843E-005
  2.788217196803122E-008
 -1.856942270816465E-004
  3.004544225068639E-008
 -2.187353899614409E-004
  1.016300537640453E-008
 -7.802550167116034E-005
  7.561532494944768E-009
