   1.99997632234140     
   1.53306981679688     
  1.156951845716257E-005
  0.618927482365336     
  9.109681518074322E-006
  1.049719633898192E-002
 -3.532970061626495E-008
 -0.124283111454312     
 -3.756512857737975E-006
 -5.074960318450528E-002
 -1.729903415785920E-006
  9.041500296720526E-003
  5.238153583849631E-007
  1.456946670594130E-002
  7.481221396141082E-007
  2.764490976357903E-003
  1.109407076961658E-007
 -2.465548299255570E-003
 -1.739834338690722E-007
 -1.420743540472927E-003
 -7.631925157482176E-008
  1.505813334029160E-004
  4.410958722062289E-008
  4.563677719816846E-004
  4.535413734145647E-008
  2.224351098835208E-004
  4.874190567222780E-009
  5.531643556749760E-006
 -2.500797900518477E-008
 -1.014383023152986E-004
 -1.343727120312497E-008
 -1.350122939304124E-004
  8.886520829723918E-009
 -1.060258900634123E-004
  1.371648856484323E-008
 -3.068872528649018E-005
 -1.657685779780816E-008
  9.471288405298918E-005
 -1.933322735731023E-008
