   1.99997526464407     
   1.52106541470653     
  9.148700746534131E-008
  0.601258524203007     
 -2.157827927419886E-007
  1.054224818199588E-002
 -3.255162599341416E-007
 -0.111982905509400     
 -4.665413654178449E-008
 -4.350527301900405E-002
  1.671920721749503E-007
  7.987342120152632E-003
  1.088147639336722E-007
  1.173866582980240E-002
 -2.027366191831394E-008
  2.099866809936222E-003
 -7.237328321811554E-008
 -1.765656614540568E-003
 -4.883244626335518E-008
 -1.030176413601768E-003
 -1.741828766489955E-008
 -7.012053142066631E-005
  1.474233068488982E-008
  1.103101352248397E-004
  1.441657589563535E-008
  7.821074292346977E-005
  7.503795344198531E-010
  8.647232197801117E-005
 -1.473914817244901E-008
  1.385568404002706E-004
 -6.440246054360356E-011
  1.127581875668796E-004
  1.608742754126417E-009
 -1.724744998139629E-005
  4.745115487454430E-009
 -1.473086631277800E-004
 -1.158737158407436E-008
 -1.294426712443825E-004
 -1.227889477235713E-008
