   1.99997702434509     
   1.53975725471636     
 -2.196807406333129E-005
  0.628615148538444     
 -1.836337241576689E-005
  9.509472946725956E-003
 -9.019382983044043E-007
 -0.132670020506737     
  7.584087620470457E-006
 -5.559846979280019E-002
  4.312514779563946E-006
  9.952662352711758E-003
 -6.774189617057299E-007
  1.684240247735793E-002
 -1.784125232393213E-006
  3.497779825887112E-003
 -5.486825787755395E-007
 -2.891787118469428E-003
  3.366881229422849E-007
 -1.853194707445747E-003
  2.951690814461029E-007
  5.316394337617950E-005
 -1.658720074231425E-009
  5.153326281966993E-004
 -1.289718748389961E-007
  2.979142129147272E-004
 -1.102177570651494E-007
  7.627157752204657E-005
 -6.502857215213750E-008
 -5.392706189655232E-005
 -1.517431486015614E-008
 -1.322093601535543E-004
  2.112846832665866E-008
 -1.565677448700320E-004
  4.407024148068742E-008
 -1.101398983375894E-004
  3.416545869051831E-008
  4.383476463469812E-005
 -1.057120672001008E-008
