   1.99997667437436     
   1.53651440738977     
  2.295062403766246E-005
  0.623913851279348     
  1.850149755325963E-005
  1.003532369918821E-002
  2.994053162538790E-007
 -0.128492677588814     
 -7.664305152977744E-006
 -5.316717295881790E-002
 -3.860529128713410E-006
  9.512481835878555E-003
  9.056879999584602E-007
  1.571182208262119E-002
  1.610455715169011E-006
  3.130320870736345E-003
  3.172342819333295E-007
 -2.687902403876023E-003
 -3.889760674597555E-007
 -1.658124456360384E-003
 -2.418275640240754E-007
  8.113201340734289E-005
  3.880314915888695E-008
  4.854414166001327E-004
  1.028973720176488E-007
  2.822637762417697E-004
  4.479086753643548E-008
  6.939571784395084E-005
 -1.273952447122957E-008
 -6.056603385887651E-005
 -2.166622585619362E-008
 -1.413041908465478E-004
 -2.183599237193593E-008
 -1.625289717525915E-004
 -2.709977743778928E-008
 -1.004502065973874E-004
 -2.906967693389758E-008
  6.449409452377259E-005
  7.715343497537783E-009
