   1.99997584392422     
   1.52536177988978     
 -2.351841107605182E-005
  0.607635489477361     
 -1.916090589955360E-005
  1.081867464479435E-002
 -9.659874382214427E-007
 -0.115921348778298     
  7.166528016675878E-006
 -4.582578381601511E-002
  3.834018500581080E-006
  8.300367358460257E-003
 -6.220469287099575E-007
  1.252762598625653E-002
 -1.408873921034065E-006
  2.157799831643168E-003
 -3.382480622124355E-007
 -2.071762763265125E-003
  2.975029021763944E-007
 -1.100462731059474E-003
  2.063091233440562E-007
  1.544759375574160E-004
 -4.231576992776776E-010
  3.706193741058561E-004
 -5.951169956414006E-008
  1.845661768969011E-004
 -1.809150457488791E-008
  5.251355253685075E-006
  2.158372657629479E-008
 -8.058917036329476E-005
  4.100209153468879E-008
 -1.089659697366076E-004
  1.348702641917654E-008
 -8.696966228314929E-005
 -3.112282764120351E-009
 -2.191888068491521E-005
  2.150206808554732E-009
  9.370706427499619E-005
  1.962995015093624E-008
