   1.99997751084392     
   1.54810253541094     
 -2.102513462123201E-005
  0.640442424459799     
 -1.782080147104581E-005
  6.971280893198023E-003
 -8.068094968763484E-007
 -0.145111655134944     
  7.857263080707077E-006
 -6.267132265318345E-002
  4.591452480024242E-006
  1.151363018928121E-002
 -7.540119518327617E-007
  2.051164759509596E-002
 -2.047364277632020E-006
  4.723017141920160E-003
 -6.568407253006851E-007
 -3.597380976665165E-003
  4.326171571842291E-007
 -2.586677188035839E-003
  4.383490750063557E-007
 -1.003101719421630E-004
  7.571866062866606E-008
  5.893766526294240E-004
 -1.143479338137782E-007
  3.489215123795833E-004
 -1.213179381948115E-007
  1.548941351258642E-004
 -8.379336323507291E-008
  6.780552420995716E-005
 -2.851843384444498E-008
 -5.909558891998587E-005
  4.667392520124655E-008
 -1.842649023506177E-004
  1.063806496489019E-007
 -2.062608356349959E-004
  9.115855941880307E-008
 -7.159203593284210E-005
  1.399936693008690E-008
