 !=================== 
 ! control section 
 !=================== 
 1 1 
 6 10000 1 0 1 
 32 32 32 1 0.014 0.014 0.1 
 19 0 0 1 
 10000 
 0.00477147 
 -1.956943332791912e-06 
 1.8028428118218144e-05 0.0012207814797677969 -0.9888817491062912 1.0 1.0 0.0 0.0 
 1.799300730021272e-05 0.0012203030566936602 -0.9887824442300099 1.0 1.0 0.0 0.0 
 0.0004000140620217728 0.003913886665583824 0.0 1.0 1.0 0.0 0.0 
 0.00477147 120000000.0 511001.0 -1.0 47714700.0 0.0 
 !=================== 
 ! lattice lines 
 !=================== 
 0 0 1000 -2 0.0 1 / 
 0 0 11000 -8 100 / 
 0 0 0 -20 0.014 0 / 
 1.097820241127487 1 1 0 0.014 / 
 0.1 1 1 1 7.4131109316114 -1 0.014 0.0 0.0 0.0 0.0 0.0 / 
 1.059343886845932 1 1 0 0.014 / 
 0.1 1 1 1 -14.72217330739804 -1 0.014 0.0 0.0 0.0 0.0 0.0 / 
 0.1175205597521822 1 1 0 0.014 / 
 0.1 1 1 1 8.827330108981037 -1 0.014 0.0 0.0 0.0 0.0 0.0 / 
 1.99986119882827 1 1 0 0.014 / 
 0.1 1 1 1 10.45479272953845 -1 0.014 0.0 0.0 0.0 0.0 0.0 / 
 0.05 1 1 0 0.014 / 
 0 0 0 -19 / 
 0.05 1 1 0 0.014 / 
 0.05 1 1 0 0.014 / 
 0 0 1 -41 1.0 41 5 / 
 2.011925 1 1 103 24795281.301132973 5712000000.0 -19.828900000000004 -1.0 0.014 / 
 0 0 1 -41 1.0 41 -1 / 
 0.05 1 1 0 0.014 / 
 0.05 1 1 0 0.014 / 
 0.06 1 1 1 4.66973 -1 0.014 0.0 0.0 0.0 0.0 0.0 / 
 0.06 1 1 1 4.66973 -1 0.014 0.0 0.0 0.0 0.0 0.0 / 
 0.05 1 1 0 0.014 / 
 0.05 1 1 0 0.014 / 
 0 0 1 -41 1.0 41 5 / 
 2.011925 1 1 103 24795281.301132973 5712000000.0 -19.828900000000004 -1.0 0.014 / 
 0 0 1 -41 1.0 41 -1 / 
 0.05 1 1 0 0.014 / 
 0.05 1 1 0 0.014 / 
 0.06 1 1 1 -4.66973 -1 0.014 0.0 0.0 0.0 0.0 0.0 / 
 0.06 1 1 1 -4.66973 -1 0.014 0.0 0.0 0.0 0.0 0.0 / 
 0.05 1 1 0 0.014 / 
 0.05 1 1 0 0.014 / 
 0 0 1 -41 1.0 41 5 / 
 2.011925 1 1 103 24795281.301132973 5712000000.0 -19.828900000000004 -1.0 0.014 / 
 0 0 1 -41 1.0 41 -1 / 
 0.05 1 1 0 0.014 / 
 0.05 1 1 0 0.014 / 
 0.06 1 1 1 4.66973 -1 0.014 0.0 0.0 0.0 0.0 0.0 / 
 0.06 1 1 1 4.66973 -1 0.014 0.0 0.0 0.0 0.0 0.0 / 
 0.05 1 1 0 0.014 / 
 0.05 1 1 0 0.014 / 
 0 0 1 -41 1.0 41 5 / 
 2.011925 1 1 103 24795281.301132973 5712000000.0 -19.828900000000004 -1.0 0.014 / 
 0 0 1 -41 1.0 41 -1 / 
 0.05 1 1 0 0.014 / 
 0.05 1 1 0 0.014 / 
 0.06 1 1 1 -4.66973 -1 0.014 0.0 0.0 0.0 0.0 0.0 / 
 0.06 1 1 1 -4.66973 -1 0.014 0.0 0.0 0.0 0.0 0.0 / 
 0 0 0 -19 / 
 0 0 1001 -2 0.0 1 / 
 0 0 11001 -8 100 / 
 0.05 1 1 0 0.014 / 
 0 0 1 -41 1.0 42 5 / 
 0.299793 1 1 103 27543004.673224524 35982600000.0 -188.6203 -1.0 0.014 / 
 0 0 1 -41 1.0 41 -1 / 
 0.05 1 1 0 0.014 / 
 0.7143461431611124 1 1 0 0.014 / 
 0.1 1 1 1 5.845699860097351 -1 0.014 0.0 0.0 0.0 0.0 0.0 / 
 1.953323987579312 1 1 0 0.014 / 
 0.1 1 1 1 2.696545723858317 -1 0.014 0.0 0.0 0.0 0.0 0.0 / 
 1.635316455652324 1 1 0 0.014 / 
 0.1 1 1 1 -5.897252909296286 -1 0.014 0.0 0.0 0.0 0.0 0.0 / 
 1.444144403975044 1 1 0 0.014 / 
 0.1 1 1 1 4.952074185131776 -1 0.014 0.0 0.0 0.0 0.0 0.0 / 
 0.05 1 1 0 0.014 / 
 0 0 1002 -2 0.0 1 / 
 0 0 11002 -8 100 / 
 0.2 1 1 0 0.014 / 
 0.2 10 1 4 0.08714893406611902 0.0 250 0.014 0.0 0.08714893406611902 0.0 0.0 0.5 0.0 0.0 0.0 0.0 0.0 / 
 2.5 1 1 0 0.014 / 
 0.2 10 1 4 -0.08714893406611902 0.0 250 0.014 -0.08714893406611902 0.0 0.0 0.0 0.5 0.0 0.0 0.0 0.0 0.0 / 
 0.5 1 1 0 0.014 / 
 0.2 10 1 4 -0.08714893406611902 0.0 250 0.014 0.0 -0.08714893406611902 0.0 0.0 0.5 0.0 0.0 0.0 0.0 0.0 / 
 2.5 1 1 0 0.014 / 
 0.2 10 1 4 0.08714893406611902 0.0 250 0.014 0.08714893406611902 0.0 0.0 0.0 0.5 0.0 0.0 0.0 0.0 0.0 / 
 0 0 1003 -2 0.0 1 / 
 0 0 11003 -8 100 / 
 7.989703956381656E-07 1 1 0 0.014 / 
 0.1 1 1 1 9.506582766358942 -1 0.014 0.0 0.0 0.0 0.0 0.0 / 
 0.04870318049098267 1 1 0 0.014 / 
 0.1 1 1 1 0.349492960709045 -1 0.014 0.0 0.0 0.0 0.0 0.0 / 
 0.0035098663122539 1 1 0 0.014 / 
 0.1 1 1 1 -8.75844703395336 -1 0.014 0.0 0.0 0.0 0.0 0.0 / 
 1.189006624405947 1 1 0 0.014 / 
 0.1 1 1 1 -3.176065771590087 -1 0.014 0.0 0.0 0.0 0.0 0.0 / 
 0.05 1 1 0 0.014 / 
 0 0 0 -19 / 
 0 0 0 -19 / 
 0.05 1 1 0 0.014 / 
 0.05 1 1 0 0.014 / 
 0 0 1 -41 1.0 41 5 / 
 2.011925 1 1 103 37425182.03165665 5712000000.0 -5.087699999999998 -1.0 0.014 / 
 0 0 1 -41 1.0 41 -1 / 
 0.05 1 1 0 0.014 / 
 0.05 1 1 0 0.014 / 
 0.06 1 1 1 4.66973 -1 0.014 0.0 0.0 0.0 0.0 0.0 / 
 0.06 1 1 1 4.66973 -1 0.014 0.0 0.0 0.0 0.0 0.0 / 
 0.05 1 1 0 0.014 / 
 0.05 1 1 0 0.014 / 
 0 0 1 -41 1.0 41 5 / 
 2.011925 1 1 103 37425182.03165665 5712000000.0 -5.087699999999998 -1.0 0.014 / 
 0 0 1 -41 1.0 41 -1 / 
 0.05 1 1 0 0.014 / 
 0.05 1 1 0 0.014 / 
 0.06 1 1 1 -4.66973 -1 0.014 0.0 0.0 0.0 0.0 0.0 / 
 0.06 1 1 1 -4.66973 -1 0.014 0.0 0.0 0.0 0.0 0.0 / 
 0.05 1 1 0 0.014 / 
 0.05 1 1 0 0.014 / 
 0 0 1 -41 1.0 41 5 / 
 2.011925 1 1 103 37425182.03165665 5712000000.0 -5.087699999999998 -1.0 0.014 / 
 0 0 1 -41 1.0 41 -1 / 
 0.05 1 1 0 0.014 / 
 0.05 1 1 0 0.014 / 
 0.06 1 1 1 4.66973 -1 0.014 0.0 0.0 0.0 0.0 0.0 / 
 0.06 1 1 1 4.66973 -1 0.014 0.0 0.0 0.0 0.0 0.0 / 
 0.05 1 1 0 0.014 / 
 0.05 1 1 0 0.014 / 
 0 0 1 -41 1.0 41 5 / 
 2.011925 1 1 103 37425182.03165665 5712000000.0 -5.087699999999998 -1.0 0.014 / 
 0 0 1 -41 1.0 41 -1 / 
 0.05 1 1 0 0.014 / 
 0.05 1 1 0 0.014 / 
 0.06 1 1 1 -4.66973 -1 0.014 0.0 0.0 0.0 0.0 0.0 / 
 0.06 1 1 1 -4.66973 -1 0.014 0.0 0.0 0.0 0.0 0.0 / 
 0 0 0 -19 / 
 0.05 1 1 0 0.014 / 
 0.05 1 1 0 0.014 / 
 0 0 1 -41 1.0 41 5 / 
 2.011925 1 1 103 37425182.03165665 5712000000.0 -5.087699999999998 -1.0 0.014 / 
 0 0 1 -41 1.0 41 -1 / 
 0.05 1 1 0 0.014 / 
 0.05 1 1 0 0.014 / 
 0.06 1 1 1 4.66973 -1 0.014 0.0 0.0 0.0 0.0 0.0 / 
 0.06 1 1 1 4.66973 -1 0.014 0.0 0.0 0.0 0.0 0.0 / 
 0.05 1 1 0 0.014 / 
 0.05 1 1 0 0.014 / 
 0 0 1 -41 1.0 41 5 / 
 2.011925 1 1 103 37425182.03165665 5712000000.0 -5.087699999999998 -1.0 0.014 / 
 0 0 1 -41 1.0 41 -1 / 
 0.05 1 1 0 0.014 / 
 0.05 1 1 0 0.014 / 
 0.06 1 1 1 -4.66973 -1 0.014 0.0 0.0 0.0 0.0 0.0 / 
 0.06 1 1 1 -4.66973 -1 0.014 0.0 0.0 0.0 0.0 0.0 / 
 0.05 1 1 0 0.014 / 
 0.05 1 1 0 0.014 / 
 0 0 1 -41 1.0 41 5 / 
 2.011925 1 1 103 37425182.03165665 5712000000.0 -5.087699999999998 -1.0 0.014 / 
 0 0 1 -41 1.0 41 -1 / 
 0.05 1 1 0 0.014 / 
 0.05 1 1 0 0.014 / 
 0.06 1 1 1 4.66973 -1 0.014 0.0 0.0 0.0 0.0 0.0 / 
 0.06 1 1 1 4.66973 -1 0.014 0.0 0.0 0.0 0.0 0.0 / 
 0.05 1 1 0 0.014 / 
 0.05 1 1 0 0.014 / 
 0 0 1 -41 1.0 41 5 / 
 2.011925 1 1 103 37425182.03165665 5712000000.0 -5.087699999999998 -1.0 0.014 / 
 0 0 1 -41 1.0 41 -1 / 
 0.05 1 1 0 0.014 / 
 0.05 1 1 0 0.014 / 
 0.06 1 1 1 -4.66973 -1 0.014 0.0 0.0 0.0 0.0 0.0 / 
 0.06 1 1 1 -4.66973 -1 0.014 0.0 0.0 0.0 0.0 0.0 / 
 0 0 0 -19 / 
 0.05 1 1 0 0.014 / 
 0.05 1 1 0 0.014 / 
 0 0 1 -41 1.0 41 5 / 
 2.011925 1 1 103 37425182.03165665 5712000000.0 -5.087699999999998 -1.0 0.014 / 
 0 0 1 -41 1.0 41 -1 / 
 0.05 1 1 0 0.014 / 
 0.05 1 1 0 0.014 / 
 0.06 1 1 1 4.66973 -1 0.014 0.0 0.0 0.0 0.0 0.0 / 
 0.06 1 1 1 4.66973 -1 0.014 0.0 0.0 0.0 0.0 0.0 / 
 0.05 1 1 0 0.014 / 
 0.05 1 1 0 0.014 / 
 0 0 1 -41 1.0 41 5 / 
 2.011925 1 1 103 37425182.03165665 5712000000.0 -5.087699999999998 -1.0 0.014 / 
 0 0 1 -41 1.0 41 -1 / 
 0.05 1 1 0 0.014 / 
 0.05 1 1 0 0.014 / 
 0.06 1 1 1 -4.66973 -1 0.014 0.0 0.0 0.0 0.0 0.0 / 
 0.06 1 1 1 -4.66973 -1 0.014 0.0 0.0 0.0 0.0 0.0 / 
 0.05 1 1 0 0.014 / 
 0.05 1 1 0 0.014 / 
 0 0 1 -41 1.0 41 5 / 
 2.011925 1 1 103 37425182.03165665 5712000000.0 -5.087699999999998 -1.0 0.014 / 
 0 0 1 -41 1.0 41 -1 / 
 0.05 1 1 0 0.014 / 
 0.05 1 1 0 0.014 / 
 0.06 1 1 1 4.66973 -1 0.014 0.0 0.0 0.0 0.0 0.0 / 
 0.06 1 1 1 4.66973 -1 0.014 0.0 0.0 0.0 0.0 0.0 / 
 0.05 1 1 0 0.014 / 
 0.05 1 1 0 0.014 / 
 0 0 1 -41 1.0 41 5 / 
 2.011925 1 1 103 37425182.03165665 5712000000.0 -5.087699999999998 -1.0 0.014 / 
 0 0 1 -41 1.0 41 -1 / 
 0.05 1 1 0 0.014 / 
 0.05 1 1 0 0.014 / 
 0.06 1 1 1 -4.66973 -1 0.014 0.0 0.0 0.0 0.0 0.0 / 
 0.06 1 1 1 -4.66973 -1 0.014 0.0 0.0 0.0 0.0 0.0 / 
 0 0 0 -19 / 
 0.05 1 1 0 0.014 / 
 0.05 1 1 0 0.014 / 
 0 0 1 -41 1.0 41 5 / 
 2.011925 1 1 103 37425182.03165665 5712000000.0 -5.087699999999998 -1.0 0.014 / 
 0 0 1 -41 1.0 41 -1 / 
 0.05 1 1 0 0.014 / 
 0.05 1 1 0 0.014 / 
 0.06 1 1 1 4.66973 -1 0.014 0.0 0.0 0.0 0.0 0.0 / 
 0.06 1 1 1 4.66973 -1 0.014 0.0 0.0 0.0 0.0 0.0 / 
 0.05 1 1 0 0.014 / 
 0.05 1 1 0 0.014 / 
 0 0 1 -41 1.0 41 5 / 
 2.011925 1 1 103 37425182.03165665 5712000000.0 -5.087699999999998 -1.0 0.014 / 
 0 0 1 -41 1.0 41 -1 / 
 0.05 1 1 0 0.014 / 
 0.05 1 1 0 0.014 / 
 0.06 1 1 1 -4.66973 -1 0.014 0.0 0.0 0.0 0.0 0.0 / 
 0.06 1 1 1 -4.66973 -1 0.014 0.0 0.0 0.0 0.0 0.0 / 
 0.05 1 1 0 0.014 / 
 0.05 1 1 0 0.014 / 
 0 0 1 -41 1.0 41 5 / 
 2.011925 1 1 103 37425182.03165665 5712000000.0 -5.087699999999998 -1.0 0.014 / 
 0 0 1 -41 1.0 41 -1 / 
 0.05 1 1 0 0.014 / 
 0.05 1 1 0 0.014 / 
 0.06 1 1 1 4.66973 -1 0.014 0.0 0.0 0.0 0.0 0.0 / 
 0.06 1 1 1 4.66973 -1 0.014 0.0 0.0 0.0 0.0 0.0 / 
 0.05 1 1 0 0.014 / 
 0.05 1 1 0 0.014 / 
 0 0 1 -41 1.0 41 5 / 
 2.011925 1 1 103 37425182.03165665 5712000000.0 -5.087699999999998 -1.0 0.014 / 
 0 0 1 -41 1.0 41 -1 / 
 0.05 1 1 0 0.014 / 
 0.05 1 1 0 0.014 / 
 0.06 1 1 1 -4.66973 -1 0.014 0.0 0.0 0.0 0.0 0.0 / 
 0.06 1 1 1 -4.66973 -1 0.014 0.0 0.0 0.0 0.0 0.0 / 
 0.008347631357203466 1 1 0 0.014 / 
 0.1 1 1 1 -6.839725001702281 -1 0.014 0.0 0.0 0.0 0.0 0.0 / 
 1.367415760323865 1 1 0 0.014 / 
 0.1 1 1 1 -9.991823594905904 -1 0.014 0.0 0.0 0.0 0.0 0.0 / 
 1.999989480970618 1 1 0 0.014 / 
 0.1 1 1 1 7.923808700078277 -1 0.014 0.0 0.0 0.0 0.0 0.0 / 
 0.7428647888166255 1 1 0 0.014 / 
 0.1 1 1 1 -6.050314320053173 -1 0.014 0.0 0.0 0.0 0.0 0.0 / 
 0.05 1 1 0 0.014 / 
 0 0 1004 -2 0.0 1 / 
 0 0 11004 -8 100 / 
 0.2 1 1 0 0.014 / 
 0.4 10 1 4 0.029607826273189603 0.0 150 0.014 0.0 0.029607826273189603 0.0 0.0 0.5 0.0 0.0 0.0 0.0 0.0 / 
 10 1 1 0 0.014 / 
 0.4 10 1 4 -0.029607826273189603 0.0 150 0.014 -0.029607826273189603 0.0 0.0 0.0 0.5 0.0 0.0 0.0 0.0 0.0 / 
 0.5 1 1 0 0.014 / 
 0.4 10 1 4 -0.029607826273189603 0.0 150 0.014 0.0 -0.029607826273189603 0.0 0.0 0.5 0.0 0.0 0.0 0.0 0.0 / 
 10 1 1 0 0.014 / 
 0.4 10 1 4 0.029607826273189603 0.0 150 0.014 0.029607826273189603 0.0 0.0 0.0 0.5 0.0 0.0 0.0 0.0 0.0 / 
 0 0 1005 -2 0.0 1 / 
 0 0 11005 -8 100 / 
 0.06531345557482321 1 1 0 0.014 / 
 0.1 1 1 1 -3.95189342210132 -1 0.014 0.0 0.0 0.0 0.0 0.0 / 
 0.7422561964526063 1 1 0 0.014 / 
 0.1 1 1 1 6.540781976058096 -1 0.014 0.0 0.0 0.0 0.0 0.0 / 
 1.998982153044804 1 1 0 0.014 / 
 0.1 1 1 1 -2.466811926550284 -1 0.014 0.0 0.0 0.0 0.0 0.0 / 
 1.418637557352263 1 1 0 0.014 / 
 0.1 1 1 1 0.04023057799288901 -1 0.014 0.0 0.0 0.0 0.0 0.0 / 
 0.05 1 1 0 0.014 / 
 0 0 0 -19 / 
 0 0 0 -19 / 
 0.05 1 1 0 0.014 / 
 0.05 1 1 0 0.014 / 
 0 0 1 -41 1.0 41 5 / 
 2.011925 1 1 103 39254027.85354903 5712000000.0 25.253100000000003 -1.0 0.014 / 
 0 0 1 -41 1.0 41 -1 / 
 0.05 1 1 0 0.014 / 
 0.05 1 1 0 0.014 / 
 0.075 1 1 1 3.73841 -1 0.014 0.0 0.0 0.0 0.0 0.0 / 
 0.075 1 1 1 3.73841 -1 0.014 0.0 0.0 0.0 0.0 0.0 / 
 0.05 1 1 0 0.014 / 
 0.05 1 1 0 0.014 / 
 0 0 1 -41 1.0 41 5 / 
 2.011925 1 1 103 39254027.85354903 5712000000.0 25.253100000000003 -1.0 0.014 / 
 0 0 1 -41 1.0 41 -1 / 
 0.05 1 1 0 0.014 / 
 0.05 1 1 0 0.014 / 
 0.075 1 1 1 -3.73841 -1 0.014 0.0 0.0 0.0 0.0 0.0 / 
 0.075 1 1 1 -3.73841 -1 0.014 0.0 0.0 0.0 0.0 0.0 / 
 0.05 1 1 0 0.014 / 
 0.05 1 1 0 0.014 / 
 0 0 1 -41 1.0 41 5 / 
 2.011925 1 1 103 39254027.85354903 5712000000.0 25.253100000000003 -1.0 0.014 / 
 0 0 1 -41 1.0 41 -1 / 
 0.05 1 1 0 0.014 / 
 0.05 1 1 0 0.014 / 
 0.075 1 1 1 3.73841 -1 0.014 0.0 0.0 0.0 0.0 0.0 / 
 0.075 1 1 1 3.73841 -1 0.014 0.0 0.0 0.0 0.0 0.0 / 
 0.05 1 1 0 0.014 / 
 0.05 1 1 0 0.014 / 
 0 0 1 -41 1.0 41 5 / 
 2.011925 1 1 103 39254027.85354903 5712000000.0 25.253100000000003 -1.0 0.014 / 
 0 0 1 -41 1.0 41 -1 / 
 0.05 1 1 0 0.014 / 
 0.05 1 1 0 0.014 / 
 0.075 1 1 1 -3.73841 -1 0.014 0.0 0.0 0.0 0.0 0.0 / 
 0.075 1 1 1 -3.73841 -1 0.014 0.0 0.0 0.0 0.0 0.0 / 
 0 0 0 -19 / 
 0.05 1 1 0 0.014 / 
 0.05 1 1 0 0.014 / 
 0 0 1 -41 1.0 41 5 / 
 2.011925 1 1 103 39254027.85354903 5712000000.0 25.253100000000003 -1.0 0.014 / 
 0 0 1 -41 1.0 41 -1 / 
 0.05 1 1 0 0.014 / 
 0.05 1 1 0 0.014 / 
 0.075 1 1 1 3.73841 -1 0.014 0.0 0.0 0.0 0.0 0.0 / 
 0.075 1 1 1 3.73841 -1 0.014 0.0 0.0 0.0 0.0 0.0 / 
 0.05 1 1 0 0.014 / 
 0.05 1 1 0 0.014 / 
 0 0 1 -41 1.0 41 5 / 
 2.011925 1 1 103 39254027.85354903 5712000000.0 25.253100000000003 -1.0 0.014 / 
 0 0 1 -41 1.0 41 -1 / 
 0.05 1 1 0 0.014 / 
 0.05 1 1 0 0.014 / 
 0.075 1 1 1 -3.73841 -1 0.014 0.0 0.0 0.0 0.0 0.0 / 
 0.075 1 1 1 -3.73841 -1 0.014 0.0 0.0 0.0 0.0 0.0 / 
 0.05 1 1 0 0.014 / 
 0.05 1 1 0 0.014 / 
 0 0 1 -41 1.0 41 5 / 
 2.011925 1 1 103 39254027.85354903 5712000000.0 25.253100000000003 -1.0 0.014 / 
 0 0 1 -41 1.0 41 -1 / 
 0.05 1 1 0 0.014 / 
 0.05 1 1 0 0.014 / 
 0.075 1 1 1 3.73841 -1 0.014 0.0 0.0 0.0 0.0 0.0 / 
 0.075 1 1 1 3.73841 -1 0.014 0.0 0.0 0.0 0.0 0.0 / 
 0.05 1 1 0 0.014 / 
 0.05 1 1 0 0.014 / 
 0 0 1 -41 1.0 41 5 / 
 2.011925 1 1 103 39254027.85354903 5712000000.0 25.253100000000003 -1.0 0.014 / 
 0 0 1 -41 1.0 41 -1 / 
 0.05 1 1 0 0.014 / 
 0.05 1 1 0 0.014 / 
 0.075 1 1 1 -3.73841 -1 0.014 0.0 0.0 0.0 0.0 0.0 / 
 0.075 1 1 1 -3.73841 -1 0.014 0.0 0.0 0.0 0.0 0.0 / 
 0 0 0 -19 / 
 0.05 1 1 0 0.014 / 
 0.05 1 1 0 0.014 / 
 0 0 1 -41 1.0 41 5 / 
 2.011925 1 1 103 39254027.85354903 5712000000.0 25.253100000000003 -1.0 0.014 / 
 0 0 1 -41 1.0 41 -1 / 
 0.05 1 1 0 0.014 / 
 0.05 1 1 0 0.014 / 
 0.075 1 1 1 3.73841 -1 0.014 0.0 0.0 0.0 0.0 0.0 / 
 0.075 1 1 1 3.73841 -1 0.014 0.0 0.0 0.0 0.0 0.0 / 
 0.05 1 1 0 0.014 / 
 0.05 1 1 0 0.014 / 
 0 0 1 -41 1.0 41 5 / 
 2.011925 1 1 103 39254027.85354903 5712000000.0 25.253100000000003 -1.0 0.014 / 
 0 0 1 -41 1.0 41 -1 / 
 0.05 1 1 0 0.014 / 
 0.05 1 1 0 0.014 / 
 0.075 1 1 1 -3.73841 -1 0.014 0.0 0.0 0.0 0.0 0.0 / 
 0.075 1 1 1 -3.73841 -1 0.014 0.0 0.0 0.0 0.0 0.0 / 
 0.05 1 1 0 0.014 / 
 0.05 1 1 0 0.014 / 
 0 0 1 -41 1.0 41 5 / 
 2.011925 1 1 103 39254027.85354903 5712000000.0 25.253100000000003 -1.0 0.014 / 
 0 0 1 -41 1.0 41 -1 / 
 0.05 1 1 0 0.014 / 
 0.05 1 1 0 0.014 / 
 0.075 1 1 1 3.73841 -1 0.014 0.0 0.0 0.0 0.0 0.0 / 
 0.075 1 1 1 3.73841 -1 0.014 0.0 0.0 0.0 0.0 0.0 / 
 0.05 1 1 0 0.014 / 
 0.05 1 1 0 0.014 / 
 0 0 1 -41 1.0 41 5 / 
 2.011925 1 1 103 39254027.85354903 5712000000.0 25.253100000000003 -1.0 0.014 / 
 0 0 1 -41 1.0 41 -1 / 
 0.05 1 1 0 0.014 / 
 0.05 1 1 0 0.014 / 
 0.075 1 1 1 -3.73841 -1 0.014 0.0 0.0 0.0 0.0 0.0 / 
 0.075 1 1 1 -3.73841 -1 0.014 0.0 0.0 0.0 0.0 0.0 / 
 0 0 0 -19 / 
 0.05 1 1 0 0.014 / 
 0.05 1 1 0 0.014 / 
 0 0 1 -41 1.0 41 5 / 
 2.011925 1 1 103 39254027.85354903 5712000000.0 25.253100000000003 -1.0 0.014 / 
 0 0 1 -41 1.0 41 -1 / 
 0.05 1 1 0 0.014 / 
 0.05 1 1 0 0.014 / 
 0.075 1 1 1 3.73841 -1 0.014 0.0 0.0 0.0 0.0 0.0 / 
 0.075 1 1 1 3.73841 -1 0.014 0.0 0.0 0.0 0.0 0.0 / 
 0.05 1 1 0 0.014 / 
 0.05 1 1 0 0.014 / 
 0 0 1 -41 1.0 41 5 / 
 2.011925 1 1 103 39254027.85354903 5712000000.0 25.253100000000003 -1.0 0.014 / 
 0 0 1 -41 1.0 41 -1 / 
 0.05 1 1 0 0.014 / 
 0.05 1 1 0 0.014 / 
 0.075 1 1 1 -3.73841 -1 0.014 0.0 0.0 0.0 0.0 0.0 / 
 0.075 1 1 1 -3.73841 -1 0.014 0.0 0.0 0.0 0.0 0.0 / 
 0.05 1 1 0 0.014 / 
 0.05 1 1 0 0.014 / 
 0 0 1 -41 1.0 41 5 / 
 2.011925 1 1 103 39254027.85354903 5712000000.0 25.253100000000003 -1.0 0.014 / 
 0 0 1 -41 1.0 41 -1 / 
 0.05 1 1 0 0.014 / 
 0.05 1 1 0 0.014 / 
 0.075 1 1 1 3.73841 -1 0.014 0.0 0.0 0.0 0.0 0.0 / 
 0.075 1 1 1 3.73841 -1 0.014 0.0 0.0 0.0 0.0 0.0 / 
 0.05 1 1 0 0.014 / 
 0.05 1 1 0 0.014 / 
 0 0 1 -41 1.0 41 5 / 
 2.011925 1 1 103 39254027.85354903 5712000000.0 25.253100000000003 -1.0 0.014 / 
 0 0 1 -41 1.0 41 -1 / 
 0.05 1 1 0 0.014 / 
 0.05 1 1 0 0.014 / 
 0.075 1 1 1 -3.73841 -1 0.014 0.0 0.0 0.0 0.0 0.0 / 
 0.075 1 1 1 -3.73841 -1 0.014 0.0 0.0 0.0 0.0 0.0 / 
 0 0 0 -19 / 
 0.05 1 1 0 0.014 / 
 0.05 1 1 0 0.014 / 
 0 0 1 -41 1.0 41 5 / 
 2.011925 1 1 103 39254027.85354903 5712000000.0 25.253100000000003 -1.0 0.014 / 
 0 0 1 -41 1.0 41 -1 / 
 0.05 1 1 0 0.014 / 
 0.05 1 1 0 0.014 / 
 0.075 1 1 1 3.73841 -1 0.014 0.0 0.0 0.0 0.0 0.0 / 
 0.075 1 1 1 3.73841 -1 0.014 0.0 0.0 0.0 0.0 0.0 / 
 0.05 1 1 0 0.014 / 
 0.05 1 1 0 0.014 / 
 0 0 1 -41 1.0 41 5 / 
 2.011925 1 1 103 39254027.85354903 5712000000.0 25.253100000000003 -1.0 0.014 / 
 0 0 1 -41 1.0 41 -1 / 
 0.05 1 1 0 0.014 / 
 0.05 1 1 0 0.014 / 
 0.075 1 1 1 -3.73841 -1 0.014 0.0 0.0 0.0 0.0 0.0 / 
 0.075 1 1 1 -3.73841 -1 0.014 0.0 0.0 0.0 0.0 0.0 / 
 0.05 1 1 0 0.014 / 
 0.05 1 1 0 0.014 / 
 0 0 1 -41 1.0 41 5 / 
 2.011925 1 1 103 39254027.85354903 5712000000.0 25.253100000000003 -1.0 0.014 / 
 0 0 1 -41 1.0 41 -1 / 
 0.05 1 1 0 0.014 / 
 0.05 1 1 0 0.014 / 
 0.075 1 1 1 3.73841 -1 0.014 0.0 0.0 0.0 0.0 0.0 / 
 0.075 1 1 1 3.73841 -1 0.014 0.0 0.0 0.0 0.0 0.0 / 
 0.05 1 1 0 0.014 / 
 0.05 1 1 0 0.014 / 
 0 0 1 -41 1.0 41 5 / 
 2.011925 1 1 103 39254027.85354903 5712000000.0 25.253100000000003 -1.0 0.014 / 
 0 0 1 -41 1.0 41 -1 / 
 0.05 1 1 0 0.014 / 
 0.05 1 1 0 0.014 / 
 0.075 1 1 1 -3.73841 -1 0.014 0.0 0.0 0.0 0.0 0.0 / 
 0.075 1 1 1 -3.73841 -1 0.014 0.0 0.0 0.0 0.0 0.0 / 
 0 0 0 -19 / 
 0.05 1 1 0 0.014 / 
 0.05 1 1 0 0.014 / 
 0 0 1 -41 1.0 41 5 / 
 2.011925 1 1 103 39254027.85354903 5712000000.0 25.253100000000003 -1.0 0.014 / 
 0 0 1 -41 1.0 41 -1 / 
 0.05 1 1 0 0.014 / 
 0.05 1 1 0 0.014 / 
 0.075 1 1 1 3.73841 -1 0.014 0.0 0.0 0.0 0.0 0.0 / 
 0.075 1 1 1 3.73841 -1 0.014 0.0 0.0 0.0 0.0 0.0 / 
 0.05 1 1 0 0.014 / 
 0.05 1 1 0 0.014 / 
 0 0 1 -41 1.0 41 5 / 
 2.011925 1 1 103 39254027.85354903 5712000000.0 25.253100000000003 -1.0 0.014 / 
 0 0 1 -41 1.0 41 -1 / 
 0.05 1 1 0 0.014 / 
 0.05 1 1 0 0.014 / 
 0.075 1 1 1 -3.73841 -1 0.014 0.0 0.0 0.0 0.0 0.0 / 
 0.075 1 1 1 -3.73841 -1 0.014 0.0 0.0 0.0 0.0 0.0 / 
 0.05 1 1 0 0.014 / 
 0.05 1 1 0 0.014 / 
 0 0 1 -41 1.0 41 5 / 
 2.011925 1 1 103 39254027.85354903 5712000000.0 25.253100000000003 -1.0 0.014 / 
 0 0 1 -41 1.0 41 -1 / 
 0.05 1 1 0 0.014 / 
 0.05 1 1 0 0.014 / 
 0.075 1 1 1 3.73841 -1 0.014 0.0 0.0 0.0 0.0 0.0 / 
 0.075 1 1 1 3.73841 -1 0.014 0.0 0.0 0.0 0.0 0.0 / 
 0.05 1 1 0 0.014 / 
 0.05 1 1 0 0.014 / 
 0 0 1 -41 1.0 41 5 / 
 2.011925 1 1 103 39254027.85354903 5712000000.0 25.253100000000003 -1.0 0.014 / 
 0 0 1 -41 1.0 41 -1 / 
 0.05 1 1 0 0.014 / 
 0.05 1 1 0 0.014 / 
 0.075 1 1 1 -3.73841 -1 0.014 0.0 0.0 0.0 0.0 0.0 / 
 0.075 1 1 1 -3.73841 -1 0.014 0.0 0.0 0.0 0.0 0.0 / 
 0 0 0 -19 / 
 0.05 1 1 0 0.014 / 
 0.05 1 1 0 0.014 / 
 0 0 1 -41 1.0 41 5 / 
 2.011925 1 1 103 39254027.85354903 5712000000.0 25.253100000000003 -1.0 0.014 / 
 0 0 1 -41 1.0 41 -1 / 
 0.05 1 1 0 0.014 / 
 0.05 1 1 0 0.014 / 
 0.075 1 1 1 3.73841 -1 0.014 0.0 0.0 0.0 0.0 0.0 / 
 0.075 1 1 1 3.73841 -1 0.014 0.0 0.0 0.0 0.0 0.0 / 
 0.05 1 1 0 0.014 / 
 0.05 1 1 0 0.014 / 
 0 0 1 -41 1.0 41 5 / 
 2.011925 1 1 103 39254027.85354903 5712000000.0 25.253100000000003 -1.0 0.014 / 
 0 0 1 -41 1.0 41 -1 / 
 0.05 1 1 0 0.014 / 
 0.05 1 1 0 0.014 / 
 0.075 1 1 1 -3.73841 -1 0.014 0.0 0.0 0.0 0.0 0.0 / 
 0.075 1 1 1 -3.73841 -1 0.014 0.0 0.0 0.0 0.0 0.0 / 
 0.05 1 1 0 0.014 / 
 0.05 1 1 0 0.014 / 
 0 0 1 -41 1.0 41 5 / 
 2.011925 1 1 103 39254027.85354903 5712000000.0 25.253100000000003 -1.0 0.014 / 
 0 0 1 -41 1.0 41 -1 / 
 0.05 1 1 0 0.014 / 
 0.05 1 1 0 0.014 / 
 0.075 1 1 1 3.73841 -1 0.014 0.0 0.0 0.0 0.0 0.0 / 
 0.075 1 1 1 3.73841 -1 0.014 0.0 0.0 0.0 0.0 0.0 / 
 0.05 1 1 0 0.014 / 
 0.05 1 1 0 0.014 / 
 0 0 1 -41 1.0 41 5 / 
 2.011925 1 1 103 39254027.85354903 5712000000.0 25.253100000000003 -1.0 0.014 / 
 0 0 1 -41 1.0 41 -1 / 
 0.05 1 1 0 0.014 / 
 0.05 1 1 0 0.014 / 
 0.075 1 1 1 -3.73841 -1 0.014 0.0 0.0 0.0 0.0 0.0 / 
 0.075 1 1 1 -3.73841 -1 0.014 0.0 0.0 0.0 0.0 0.0 / 
 0 0 1006 -2 0.0 1 / 
 0 0 11006 -8 100 / 
